duplex=zeros(500,4);
duplex(1,:)=[ 60.0 300.0 60.0 300.0 ];
duplex(2,:)=[ 60.0 288.517 60.0 300.0 ];
duplex(3,:)=[ 35.1546 300.0 60.0 300.0 ];
duplex(4,:)=[ 56.0678 300.0 35.1546 300.0 ];
duplex(5,:)=[ 15.633 300.0 35.1546 300.0 ];
duplex(6,:)=[ 52.6073 300.0 35.1546 300.0 ];
duplex(7,:)=[ 35.1546 326.195 35.1546 300.0 ];
duplex(8,:)=[ 35.1546 352.199 35.1546 326.195 ];
duplex(9,:)=[ 40.8159 352.199 35.1546 352.199 ];
duplex(10,:)=[ 10.0 352.199 35.1546 352.199 ];
duplex(11,:)=[ 35.1205 352.199 35.1546 352.199 ];
duplex(12,:)=[ 17.967 352.199 35.1205 352.199 ];
duplex(13,:)=[ 35.1205 377.795 35.1205 352.199 ];
duplex(14,:)=[ 35.1205 375.946 35.1205 377.795 ];
duplex(15,:)=[ 35.1205 397.809 35.1205 377.795 ];
duplex(16,:)=[ 35.1205 384.891 35.1205 397.809 ];
duplex(17,:)=[ 35.1205 402.687 35.1205 397.809 ];
duplex(18,:)=[ 35.1205 409.81 35.1205 402.687 ];
duplex(19,:)=[ 35.1205 383.541 35.1205 409.81 ];
duplex(20,:)=[ 10.2776 409.81 35.1205 409.81 ];
duplex(21,:)=[ 47.117 409.81 35.1205 409.81 ];
duplex(22,:)=[ 29.1176 409.81 35.1205 409.81 ];
duplex(23,:)=[ 38.6685 409.81 29.1176 409.81 ];
duplex(24,:)=[ 28.2939 409.81 29.1176 409.81 ];
duplex(25,:)=[ 28.2939 398.822 28.2939 409.81 ];
duplex(26,:)=[ 28.2939 391.376 28.2939 409.81 ];
duplex(27,:)=[ 28.2939 404.726 28.2939 409.81 ];
duplex(28,:)=[ 28.2939 393.692 28.2939 409.81 ];
duplex(29,:)=[ 16.2026 409.81 28.2939 409.81 ];
duplex(30,:)=[ 28.2939 430.527 28.2939 409.81 ];
duplex(31,:)=[ 47.9393 430.527 28.2939 430.527 ];
duplex(32,:)=[ 28.2939 452.65 28.2939 430.527 ];
duplex(33,:)=[ 28.2939 444.789 28.2939 452.65 ];
duplex(34,:)=[ 28.2939 447.201 28.2939 452.65 ];
duplex(35,:)=[ 28.2939 444.928 28.2939 452.65 ];
duplex(36,:)=[ 12.4899 452.65 28.2939 452.65 ];
duplex(37,:)=[ 28.2939 439.26 28.2939 452.65 ];
duplex(38,:)=[ 28.583 452.65 28.2939 452.65 ];
duplex(39,:)=[ 28.2939 457.516 28.2939 452.65 ];
duplex(40,:)=[ 52.5858 457.516 28.2939 457.516 ];
duplex(41,:)=[ 28.2939 446.185 28.2939 457.516 ];
duplex(42,:)=[ 28.2939 477.816 28.2939 457.516 ];
duplex(43,:)=[ 28.2939 453.709 28.2939 477.816 ];
duplex(44,:)=[ 10.0 477.816 28.2939 477.816 ];
duplex(45,:)=[ 54.5793 477.816 28.2939 477.816 ];
duplex(46,:)=[ 28.2939 490.28 28.2939 477.816 ];
duplex(47,:)=[ 30.1569 490.28 28.2939 490.28 ];
duplex(48,:)=[ 10.0 490.28 28.2939 490.28 ];
duplex(49,:)=[ 50.7409 490.28 28.2939 490.28 ];
duplex(50,:)=[ 37.8017 490.28 28.2939 490.28 ];
duplex(51,:)=[ 28.2939 483.627 28.2939 490.28 ];
duplex(52,:)=[ 34.7841 490.28 28.2939 490.28 ];
duplex(53,:)=[ 16.7346 490.28 28.2939 490.28 ];
duplex(54,:)=[ 28.2939 466.057 28.2939 490.28 ];
duplex(55,:)=[ 28.2939 515.683 28.2939 490.28 ];
duplex(56,:)=[ 28.2939 489.907 28.2939 490.28 ];
duplex(57,:)=[ 40.3241 489.907 28.2939 489.907 ];
duplex(58,:)=[ 10.0 489.907 28.2939 489.907 ];
duplex(59,:)=[ 44.4996 489.907 28.2939 489.907 ];
duplex(60,:)=[ 31.5757 489.907 28.2939 489.907 ];
duplex(61,:)=[ 28.2939 490.155 28.2939 489.907 ];
duplex(62,:)=[ 28.2939 464.529 28.2939 490.155 ];
duplex(63,:)=[ 27.1751 490.155 28.2939 490.155 ];
duplex(64,:)=[ 49.4255 490.155 28.2939 490.155 ];
duplex(65,:)=[ 28.2939 501.839 28.2939 490.155 ];
duplex(66,:)=[ 41.2002 490.155 28.2939 490.155 ];
duplex(67,:)=[ 28.2939 504.125 28.2939 490.155 ];
duplex(68,:)=[ 28.2939 478.125 28.2939 490.155 ];
duplex(69,:)=[ 10.0 490.155 28.2939 490.155 ];
duplex(70,:)=[ 28.2939 478.407 28.2939 490.155 ];
duplex(71,:)=[ 28.2939 505.588 28.2939 490.155 ];
duplex(72,:)=[ 28.2939 494.763 28.2939 490.155 ];
duplex(73,:)=[ 12.9762 490.155 28.2939 490.155 ];
duplex(74,:)=[ 28.2939 507.946 28.2939 490.155 ];
duplex(75,:)=[ 20.6034 490.155 28.2939 490.155 ];
duplex(76,:)=[ 28.2939 511.948 28.2939 490.155 ];
duplex(77,:)=[ 28.2939 489.82 28.2939 490.155 ];
duplex(78,:)=[ 28.2939 507.34 28.2939 490.155 ];
duplex(79,:)=[ 21.5496 490.155 28.2939 490.155 ];
duplex(80,:)=[ 10.0 490.155 28.2939 490.155 ];
duplex(81,:)=[ 28.2939 507.257 28.2939 490.155 ];
duplex(82,:)=[ 28.2939 488.691 28.2939 490.155 ];
duplex(83,:)=[ 35.0723 490.155 28.2939 490.155 ];
duplex(84,:)=[ 10.0 490.155 28.2939 490.155 ];
duplex(85,:)=[ 28.2939 469.27 28.2939 490.155 ];
duplex(86,:)=[ 50.3823 490.155 28.2939 490.155 ];
duplex(87,:)=[ 28.2939 478.413 28.2939 490.155 ];
duplex(88,:)=[ 28.2939 483.402 28.2939 490.155 ];
duplex(89,:)=[ 49.0608 490.155 28.2939 490.155 ];
duplex(90,:)=[ 38.9024 490.155 28.2939 490.155 ];
duplex(91,:)=[ 28.2939 483.424 28.2939 490.155 ];
duplex(92,:)=[ 28.2939 512.71 28.2939 490.155 ];
duplex(93,:)=[ 28.2939 497.951 28.2939 490.155 ];
duplex(94,:)=[ 28.2939 474.993 28.2939 490.155 ];
duplex(95,:)=[ 47.6179 490.155 28.2939 490.155 ];
duplex(96,:)=[ 48.2022 490.155 28.2939 490.155 ];
duplex(97,:)=[ 28.2939 466.601 28.2939 490.155 ];
duplex(98,:)=[ 28.2939 486.935 28.2939 490.155 ];
duplex(99,:)=[ 51.8773 490.155 28.2939 490.155 ];
duplex(100,:)=[ 28.2939 505.718 28.2939 490.155 ];
duplex(101,:)=[ 28.2939 513.847 28.2939 490.155 ];
duplex(102,:)=[ 30.2388 490.155 28.2939 490.155 ];
duplex(103,:)=[ 20.4282 490.155 28.2939 490.155 ];
duplex(104,:)=[ 19.9602 490.155 28.2939 490.155 ];
duplex(105,:)=[ 28.2939 492.138 28.2939 490.155 ];
duplex(106,:)=[ 28.2939 498.296 28.2939 490.155 ];
duplex(107,:)=[ 28.2939 496.357 28.2939 490.155 ];
duplex(108,:)=[ 28.2939 483.388 28.2939 490.155 ];
duplex(109,:)=[ 24.1063 490.155 28.2939 490.155 ];
duplex(110,:)=[ 28.2939 502.164 28.2939 490.155 ];
duplex(111,:)=[ 28.2939 488.214 28.2939 490.155 ];
duplex(112,:)=[ 28.2939 513.247 28.2939 490.155 ];
duplex(113,:)=[ 44.1225 490.155 28.2939 490.155 ];
duplex(114,:)=[ 39.117 490.155 28.2939 490.155 ];
duplex(115,:)=[ 28.2939 476.371 28.2939 490.155 ];
duplex(116,:)=[ 40.9426 490.155 28.2939 490.155 ];
duplex(117,:)=[ 28.2939 499.556 28.2939 490.155 ];
duplex(118,:)=[ 15.1344 490.155 28.2939 490.155 ];
duplex(119,:)=[ 28.2939 482.566 28.2939 490.155 ];
duplex(120,:)=[ 42.5302 490.155 28.2939 490.155 ];
duplex(121,:)=[ 25.2351 490.155 28.2939 490.155 ];
duplex(122,:)=[ 28.2939 501.737 28.2939 490.155 ];
duplex(123,:)=[ 19.073 490.155 28.2939 490.155 ];
duplex(124,:)=[ 30.193 490.155 28.2939 490.155 ];
duplex(125,:)=[ 28.2939 507.092 28.2939 490.155 ];
duplex(126,:)=[ 12.2232 490.155 28.2939 490.155 ];
duplex(127,:)=[ 28.3254 490.155 28.2939 490.155 ];
duplex(128,:)=[ 28.3254 484.123 28.3254 490.155 ];
duplex(129,:)=[ 26.8997 490.155 28.3254 490.155 ];
duplex(130,:)=[ 28.3254 500.397 28.3254 490.155 ];
duplex(131,:)=[ 28.3254 500.479 28.3254 490.155 ];
duplex(132,:)=[ 28.3254 470.808 28.3254 490.155 ];
duplex(133,:)=[ 32.9925 490.155 28.3254 490.155 ];
duplex(134,:)=[ 16.1377 490.155 28.3254 490.155 ];
duplex(135,:)=[ 29.3555 490.155 28.3254 490.155 ];
duplex(136,:)=[ 29.3555 480.1 29.3555 490.155 ];
duplex(137,:)=[ 29.3555 474.742 29.3555 490.155 ];
duplex(138,:)=[ 29.3555 504.505 29.3555 490.155 ];
duplex(139,:)=[ 23.8842 504.505 29.3555 504.505 ];
duplex(140,:)=[ 42.1795 504.505 29.3555 504.505 ];
duplex(141,:)=[ 29.3555 502.306 29.3555 504.505 ];
duplex(142,:)=[ 29.3555 509.849 29.3555 504.505 ];
duplex(143,:)=[ 46.9888 509.849 29.3555 509.849 ];
duplex(144,:)=[ 42.3283 509.849 29.3555 509.849 ];
duplex(145,:)=[ 29.3555 503.647 29.3555 509.849 ];
duplex(146,:)=[ 29.3555 506.131 29.3555 509.849 ];
duplex(147,:)=[ 29.3555 516.991 29.3555 509.849 ];
duplex(148,:)=[ 29.3555 496.112 29.3555 516.991 ];
duplex(149,:)=[ 29.3555 525.767 29.3555 516.991 ];
duplex(150,:)=[ 47.7212 525.767 29.3555 525.767 ];
duplex(151,:)=[ 19.8601 525.767 29.3555 525.767 ];
duplex(152,:)=[ 21.3341 525.767 29.3555 525.767 ];
duplex(153,:)=[ 38.081 525.767 29.3555 525.767 ];
duplex(154,:)=[ 29.3555 522.028 29.3555 525.767 ];
duplex(155,:)=[ 29.3555 510.192 29.3555 525.767 ];
duplex(156,:)=[ 29.3555 520.603 29.3555 525.767 ];
duplex(157,:)=[ 25.1736 525.767 29.3555 525.767 ];
duplex(158,:)=[ 13.0954 525.767 29.3555 525.767 ];
duplex(159,:)=[ 29.3555 521.256 29.3555 525.767 ];
duplex(160,:)=[ 29.3555 527.814 29.3555 525.767 ];
