duplex=zeros(500,6);
duplex(1,:)=[ 60.0 300.0 60.0 300.0 750390000.0 750390000.0 ];
duplex(2,:)=[ 60.0 288.517 60.0 300.0 723210000.0 750390000.0 ];
duplex(3,:)=[ 35.1546 300.0 60.0 300.0 1121200000.0 750390000.0 ];
duplex(4,:)=[ 56.0678 300.0 35.1546 300.0 782990000.0 1121200000.0 ];
duplex(5,:)=[ 15.633 300.0 35.1546 300.0 529940000.0 1121200000.0 ];
duplex(6,:)=[ 52.6073 300.0 35.1546 300.0 815890000.0 1121200000.0 ];
duplex(7,:)=[ 35.1546 326.195 35.1546 300.0 1240900000.0 1121200000.0 ];
duplex(8,:)=[ 35.1546 352.199 35.1546 326.195 1364800000.0 1240900000.0 ];
duplex(9,:)=[ 40.8159 352.199 35.1546 352.199 1165600000.0 1364800000.0 ];
duplex(10,:)=[ 10.0 352.199 35.1546 352.199 192070000.0 1364800000.0 ];
duplex(11,:)=[ 35.1205 352.199 35.1546 352.199 1366400000.0 1364800000.0 ];
duplex(12,:)=[ 17.967 352.199 35.1205 352.199 687410000.0 1366400000.0 ];
duplex(13,:)=[ 35.1205 377.795 35.1205 352.199 1494900000.0 1366400000.0 ];
duplex(14,:)=[ 35.1205 375.946 35.1205 377.795 1485300000.0 1494900000.0 ];
duplex(15,:)=[ 35.1205 397.809 35.1205 377.795 1600400000.0 1494900000.0 ];
duplex(16,:)=[ 35.1205 384.891 35.1205 397.809 1531700000.0 1600400000.0 ];
duplex(17,:)=[ 35.1205 402.687 35.1205 397.809 1626900000.0 1600400000.0 ];
duplex(18,:)=[ 35.1205 409.81 35.1205 402.687 1666200000.0 1626900000.0 ];
duplex(19,:)=[ 35.1205 383.541 35.1205 409.81 1524700000.0 1666200000.0 ];
duplex(20,:)=[ 10.2776 409.81 35.1205 409.81 192580000.0 1666200000.0 ];
duplex(21,:)=[ 47.117 409.81 35.1205 409.81 1197600000.0 1666200000.0 ];
duplex(22,:)=[ 29.1176 409.81 35.1205 409.81 2627100000.0 1666200000.0 ];
duplex(23,:)=[ 38.6685 409.81 29.1176 409.81 1463500000.0 2627100000.0 ];
duplex(24,:)=[ 28.2939 409.81 29.1176 409.81 2976400000.0 2627100000.0 ];
duplex(25,:)=[ 28.2939 398.822 28.2939 409.81 2752800000.0 2976400000.0 ];
duplex(26,:)=[ 28.2939 391.376 28.2939 409.81 2607300000.0 2976400000.0 ];
duplex(27,:)=[ 28.2939 404.726 28.2939 409.81 2872900000.0 2976400000.0 ];
duplex(28,:)=[ 28.2939 393.692 28.2939 409.81 2651700000.0 2976400000.0 ];
duplex(29,:)=[ 16.2026 409.81 28.2939 409.81 479090000.0 2976400000.0 ];
duplex(30,:)=[ 28.2939 430.527 28.2939 409.81 3321500000.0 2976400000.0 ];
duplex(31,:)=[ 47.9393 430.527 28.2939 430.527 1237700000.0 3321500000.0 ];
duplex(32,:)=[ 28.2939 452.65 28.2939 430.527 3532700000.0 3321500000.0 ];
duplex(33,:)=[ 28.2939 444.789 28.2939 452.65 3463200000.0 3532700000.0 ];
duplex(34,:)=[ 28.2939 447.201 28.2939 452.65 3484500000.0 3532700000.0 ];
duplex(35,:)=[ 28.2939 444.928 28.2939 452.65 3464400000.0 3532700000.0 ];
duplex(36,:)=[ 12.4899 452.65 28.2939 452.65 267940000.0 3532700000.0 ];
duplex(37,:)=[ 28.2939 439.26 28.2939 452.65 3413700000.0 3532700000.0 ];
duplex(38,:)=[ 28.583 452.65 28.2939 452.65 3519800000.0 3532700000.0 ];
duplex(39,:)=[ 28.2939 457.516 28.2939 452.65 3577800000.0 3532700000.0 ];
duplex(40,:)=[ 52.5858 457.516 28.2939 457.516 1210500000.0 3577800000.0 ];
duplex(41,:)=[ 28.2939 446.185 28.2939 457.516 3475500000.0 3577800000.0 ];
duplex(42,:)=[ 28.2939 477.816 28.2939 457.516 3759100000.0 3577800000.0 ];
duplex(43,:)=[ 28.2939 453.709 28.2939 477.816 3542200000.0 3759100000.0 ];
duplex(44,:)=[ 10.0 477.816 28.2939 477.816 175310000.0 3759100000.0 ];
duplex(45,:)=[ 54.5793 477.816 28.2939 477.816 1220500000.0 3759100000.0 ];
duplex(46,:)=[ 28.2939 490.28 28.2939 477.816 3804600000.0 3759100000.0 ];
duplex(47,:)=[ 30.1569 490.28 28.2939 490.28 3697600000.0 3804600000.0 ];
duplex(48,:)=[ 10.0 490.28 28.2939 490.28 174030000.0 3804600000.0 ];
duplex(49,:)=[ 50.7409 490.28 28.2939 490.28 1330500000.0 3804600000.0 ];
duplex(50,:)=[ 37.8017 490.28 28.2939 490.28 1891200000.0 3804600000.0 ];
duplex(51,:)=[ 28.2939 483.627 28.2939 490.28 3790700000.0 3804600000.0 ];
duplex(52,:)=[ 34.7841 490.28 28.2939 490.28 2222400000.0 3804600000.0 ];
duplex(53,:)=[ 16.7346 490.28 28.2939 490.28 473740000.0 3804600000.0 ];
duplex(54,:)=[ 28.2939 466.057 28.2939 490.28 3659600000.0 3804600000.0 ];
duplex(55,:)=[ 28.2939 515.683 28.2939 490.28 3616900000.0 3804600000.0 ];
duplex(56,:)=[ 28.2939 489.907 28.2939 490.28 3804600000.0 3804600000.0 ];
duplex(57,:)=[ 40.3241 489.907 28.2939 489.907 1714400000.0 3804600000.0 ];
duplex(58,:)=[ 10.0 489.907 28.2939 489.907 174070000.0 3804600000.0 ];
duplex(59,:)=[ 44.4996 489.907 28.2939 489.907 1517400000.0 3804600000.0 ];
duplex(60,:)=[ 31.5757 489.907 28.2939 489.907 3019600000.0 3804600000.0 ];
duplex(61,:)=[ 28.2939 490.155 28.2939 489.907 3804600000.0 3804600000.0 ];
duplex(62,:)=[ 28.2939 464.529 28.2939 490.155 3644900000.0 3804600000.0 ];
duplex(63,:)=[ 27.1751 490.155 28.2939 490.155 2956000000.0 3804600000.0 ];
duplex(64,:)=[ 49.4255 490.155 28.2939 490.155 1363000000.0 3804600000.0 ];
duplex(65,:)=[ 28.2939 501.839 28.2939 490.155 3762900000.0 3804600000.0 ];
duplex(66,:)=[ 41.2002 490.155 28.2939 490.155 1666500000.0 3804600000.0 ];
duplex(67,:)=[ 28.2939 504.125 28.2939 490.155 3744900000.0 3804600000.0 ];
duplex(68,:)=[ 28.2939 478.125 28.2939 490.155 3761200000.0 3804600000.0 ];
duplex(69,:)=[ 10.0 490.155 28.2939 490.155 174040000.0 3804600000.0 ];
duplex(70,:)=[ 28.2939 478.407 28.2939 490.155 3763100000.0 3804600000.0 ];
duplex(71,:)=[ 28.2939 505.588 28.2939 490.155 3731800000.0 3804600000.0 ];
duplex(72,:)=[ 28.2939 494.763 28.2939 490.155 3798500000.0 3804600000.0 ];
duplex(73,:)=[ 12.9762 490.155 28.2939 490.155 280860000.0 3804600000.0 ];
duplex(74,:)=[ 28.2939 507.946 28.2939 490.155 3708600000.0 3804600000.0 ];
duplex(75,:)=[ 20.6034 490.155 28.2939 490.155 801080000.0 3804600000.0 ];
duplex(76,:)=[ 28.2939 511.948 28.2939 490.155 3664000000.0 3804600000.0 ];
duplex(77,:)=[ 28.2939 489.82 28.2939 490.155 3804500000.0 3804600000.0 ];
duplex(78,:)=[ 28.2939 507.34 28.2939 490.155 3714700000.0 3804600000.0 ];
duplex(79,:)=[ 21.5496 490.155 28.2939 490.155 918310000.0 3804600000.0 ];
duplex(80,:)=[ 10.0 490.155 28.2939 490.155 174040000.0 3804600000.0 ];
duplex(81,:)=[ 28.2939 507.257 28.2939 490.155 3715500000.0 3804600000.0 ];
duplex(82,:)=[ 28.2939 488.691 28.2939 490.155 3803700000.0 3804600000.0 ];
duplex(83,:)=[ 35.0723 490.155 28.2939 490.155 2180200000.0 3804600000.0 ];
duplex(84,:)=[ 10.0 490.155 28.2939 490.155 174040000.0 3804600000.0 ];
duplex(85,:)=[ 28.2939 469.27 28.2939 490.155 3689700000.0 3804600000.0 ];
duplex(86,:)=[ 50.3823 490.155 28.2939 490.155 1338800000.0 3804600000.0 ];
duplex(87,:)=[ 28.2939 478.413 28.2939 490.155 3763100000.0 3804600000.0 ];
duplex(88,:)=[ 28.2939 483.402 28.2939 490.155 3789800000.0 3804600000.0 ];
duplex(89,:)=[ 49.0608 490.155 28.2939 490.155 1372600000.0 3804600000.0 ];
duplex(90,:)=[ 38.9024 490.155 28.2939 490.155 1806600000.0 3804600000.0 ];
duplex(91,:)=[ 28.2939 483.424 28.2939 490.155 3789900000.0 3804600000.0 ];
duplex(92,:)=[ 28.2939 512.71 28.2939 490.155 3654700000.0 3804600000.0 ];
duplex(93,:)=[ 28.2939 497.951 28.2939 490.155 3786300000.0 3804600000.0 ];
duplex(94,:)=[ 28.2939 474.993 28.2939 490.155 3738500000.0 3804600000.0 ];
duplex(95,:)=[ 47.6179 490.155 28.2939 490.155 1413200000.0 3804600000.0 ];
duplex(96,:)=[ 48.2022 490.155 28.2939 490.155 1396300000.0 3804600000.0 ];
duplex(97,:)=[ 28.2939 466.601 28.2939 490.155 3664800000.0 3804600000.0 ];
duplex(98,:)=[ 28.2939 486.935 28.2939 490.155 3800900000.0 3804600000.0 ];
duplex(99,:)=[ 51.8773 490.155 28.2939 490.155 1303900000.0 3804600000.0 ];
duplex(100,:)=[ 28.2939 505.718 28.2939 490.155 3730600000.0 3804600000.0 ];
duplex(101,:)=[ 28.2939 513.847 28.2939 490.155 3640500000.0 3804600000.0 ];
duplex(102,:)=[ 30.2388 490.155 28.2939 490.155 3666100000.0 3804600000.0 ];
duplex(103,:)=[ 20.4282 490.155 28.2939 490.155 781550000.0 3804600000.0 ];
duplex(104,:)=[ 19.9602 490.155 28.2939 490.155 732240000.0 3804600000.0 ];
duplex(105,:)=[ 28.2939 492.138 28.2939 490.155 3803700000.0 3804600000.0 ];
duplex(106,:)=[ 28.2939 498.296 28.2939 490.155 3784600000.0 3804600000.0 ];
