yield=zeros(500,6);
yield(1,:)=[58.5576, 367.862, 290.908, 452.494, 106.453, 1.0, 27.4632];
yield(2,:)=[58.5576, 386.403, 290.908, 452.494, 106.453, 1.0, 27.4632];
yield(3,:)=[58.5576, 386.403, 290.908, 452.494, 106.453, 1.0, 27.4632];
yield(4,:)=[58.5576, 386.403, 290.908, 452.494, 106.453, 1.0, 30.9736];
yield(5,:)=[58.5576, 386.403, 290.908, 452.494, 106.453, 1.0, 30.9736];
yield(6,:)=[58.5576, 386.403, 290.908, 452.494, 106.453, 1.0, 30.9736];
yield(7,:)=[58.5576, 386.403, 290.908, 452.494, 106.453, 1.0, 30.9736];
yield(8,:)=[58.5576, 386.403, 290.908, 440.477, 106.453, 1.0, 30.9736];
yield(9,:)=[58.5576, 386.403, 290.908, 452.494, 106.453, 1.0, 30.9736];
yield(10,:)=[58.5576, 386.403, 290.908, 452.494, 111.357, 1.0, 30.9736];
yield(11,:)=[58.5576, 414.975, 290.908, 452.494, 106.453, 1.0, 30.9736];
yield(12,:)=[58.5576, 414.975, 290.908, 475.468, 106.453, 1.0, 30.9736];
yield(13,:)=[58.5576, 434.593, 290.908, 452.494, 106.453, 1.0, 30.9736];
yield(14,:)=[58.5576, 434.593, 290.908, 452.494, 106.453, 1.0, 28.4129];
yield(15,:)=[58.5576, 434.593, 290.908, 452.494, 104.22, 1.0, 30.9736];
yield(16,:)=[58.5576, 459.17, 290.908, 452.494, 106.453, 1.0, 30.9736];
yield(17,:)=[58.5576, 386.403, 290.908, 452.494, 106.007, 1.0, 27.4632];
yield(18,:)=[58.5576, 459.17, 297.96, 452.494, 106.453, 1.0, 30.9736];
yield(19,:)=[58.5576, 459.17, 278.854, 452.494, 106.453, 1.0, 30.9736];
yield(20,:)=[58.5576, 459.17, 297.96, 452.494, 106.453, 2.15726, 30.9736];
yield(21,:)=[58.5576, 463.243, 297.96, 452.494, 106.453, 1.0, 30.9736];
yield(22,:)=[58.5576, 446.045, 297.96, 452.494, 106.453, 1.0, 30.9736];
yield(23,:)=[58.5576, 423.765, 290.908, 452.494, 106.453, 1.0, 28.4129];
yield(24,:)=[58.5576, 414.975, 290.908, 452.494, 106.453, 3.20273, 30.9736];
yield(25,:)=[58.5576, 434.593, 288.989, 452.494, 106.453, 1.0, 28.4129];
yield(26,:)=[58.5576, 463.243, 297.96, 452.494, 106.453, 1.95381, 30.9736];
yield(27,:)=[58.5576, 463.243, 322.918, 452.494, 106.453, 1.0, 30.9736];
yield(28,:)=[66.7424, 463.243, 297.96, 452.494, 106.453, 1.0, 30.9736];
yield(29,:)=[58.5576, 386.403, 290.908, 441.266, 106.453, 1.0, 27.4632];
yield(30,:)=[58.5576, 463.243, 297.96, 442.16, 106.453, 1.0, 30.9736];
yield(31,:)=[58.5576, 463.243, 297.96, 442.16, 106.453, 1.0, 30.9736];
yield(32,:)=[58.5576, 434.593, 288.989, 437.801, 106.453, 1.0, 28.4129];
yield(33,:)=[58.5576, 463.243, 270.074, 442.16, 106.453, 1.0, 30.9736];
yield(34,:)=[58.5576, 434.593, 290.908, 452.494, 104.22, 1.0, 36.0156];
yield(35,:)=[58.5576, 449.542, 290.908, 452.494, 104.22, 1.0, 30.9736];
yield(36,:)=[58.5576, 463.243, 270.074, 442.16, 101.485, 1.0, 30.9736];
yield(37,:)=[58.5576, 413.142, 290.908, 452.494, 106.453, 3.20273, 30.9736];
yield(38,:)=[58.5576, 414.914, 290.908, 452.494, 104.22, 1.0, 36.0156];
yield(39,:)=[58.5576, 463.243, 297.96, 455.511, 106.453, 1.0, 30.9736];
yield(40,:)=[58.5576, 463.243, 297.96, 452.494, 106.453, 1.0, 30.9736];
yield(41,:)=[58.5576, 386.403, 294.658, 441.266, 106.453, 1.0, 27.4632];
yield(42,:)=[58.5576, 446.454, 297.96, 442.16, 106.453, 1.0, 30.9736];
yield(43,:)=[58.5576, 463.243, 297.96, 442.16, 106.453, 1.0, 34.4294];
yield(44,:)=[58.5576, 463.243, 297.96, 424.356, 106.453, 1.0, 34.4294];
yield(45,:)=[58.5576, 463.243, 297.96, 442.16, 106.453, 1.0, 34.4294];
yield(46,:)=[58.5576, 463.243, 297.96, 437.204, 106.453, 1.0, 34.4294];
yield(47,:)=[58.5576, 386.403, 290.908, 452.494, 106.007, 1.0, 27.4632];
yield(48,:)=[58.5576, 463.243, 297.96, 452.782, 106.453, 1.0, 34.4294];
yield(49,:)=[52.1159, 463.243, 297.96, 452.494, 106.453, 1.0, 45.9106];
yield(50,:)=[58.5576, 434.593, 268.317, 452.494, 106.453, 1.0, 28.4129];
yield(51,:)=[58.5576, 414.975, 318.231, 452.494, 106.453, 1.0, 30.9736];
yield(52,:)=[58.5576, 463.243, 297.96, 452.782, 103.66, 1.0, 34.4294];
yield(53,:)=[61.5241, 463.243, 297.96, 442.16, 106.453, 1.0, 30.9736];
yield(54,:)=[52.1159, 463.243, 297.96, 436.986, 106.453, 1.0, 45.9106];
yield(55,:)=[52.1159, 434.629, 297.96, 452.494, 106.453, 1.0, 45.9106];
yield(56,:)=[58.5576, 463.243, 293.154, 442.16, 106.453, 1.0, 30.9736];
yield(57,:)=[52.1159, 463.243, 297.96, 475.887, 106.453, 1.0, 45.9106];
yield(58,:)=[58.5576, 462.014, 290.908, 452.494, 104.22, 1.0, 30.9736];
yield(59,:)=[52.1159, 463.243, 297.96, 500.351, 106.453, 1.0, 45.9106];
yield(60,:)=[58.5576, 413.142, 290.908, 462.727, 106.453, 3.20273, 30.9736];
yield(61,:)=[66.7424, 463.243, 297.96, 452.494, 128.269, 1.0, 30.9736];
yield(62,:)=[58.5576, 456.321, 297.96, 442.16, 106.453, 1.0, 34.4294];
yield(63,:)=[52.1159, 463.243, 297.96, 452.494, 106.453, 1.0, 41.8148];
yield(64,:)=[58.5576, 463.243, 297.96, 452.782, 90.2889, 1.0, 34.4294];
yield(65,:)=[58.5576, 429.594, 288.989, 452.494, 106.453, 1.0, 28.4129];
yield(66,:)=[52.1159, 434.378, 297.96, 475.887, 106.453, 1.0, 45.9106];
yield(67,:)=[58.5576, 434.593, 290.908, 452.494, 114.669, 1.0, 30.9736];
yield(68,:)=[58.5576, 462.014, 290.908, 452.494, 104.126, 1.0, 30.9736];
yield(69,:)=[58.5576, 434.593, 290.908, 452.494, 114.669, 1.0, 30.9736];
yield(70,:)=[58.5576, 456.321, 297.96, 442.16, 121.29, 1.0, 34.4294];
yield(71,:)=[52.1159, 463.243, 316.745, 452.494, 106.453, 1.0, 45.9106];
yield(72,:)=[52.1159, 463.243, 297.96, 452.494, 106.453, 1.0, 45.9106];
yield(73,:)=[58.5576, 434.593, 288.989, 437.801, 89.6451, 1.0, 28.4129];
yield(74,:)=[58.5576, 462.014, 290.908, 454.67, 104.126, 1.0, 30.9736];
yield(75,:)=[52.1159, 463.243, 322.944, 452.494, 106.453, 1.0, 41.8148];
yield(76,:)=[52.1159, 463.243, 297.96, 500.518, 106.453, 1.0, 45.9106];
yield(77,:)=[58.5576, 434.593, 269.888, 452.494, 104.22, 1.0, 30.9736];
yield(78,:)=[52.1159, 463.243, 326.541, 452.494, 106.453, 1.0, 41.8148];
yield(79,:)=[58.5576, 456.321, 297.96, 452.559, 106.453, 1.0, 34.4294];
yield(80,:)=[52.1159, 477.414, 297.96, 452.494, 106.453, 1.0, 41.8148];
yield(81,:)=[58.5576, 463.243, 297.96, 430.352, 103.66, 1.0, 34.4294];
yield(82,:)=[58.5576, 456.321, 285.726, 442.16, 106.453, 1.0, 34.4294];
yield(83,:)=[52.1159, 463.243, 316.745, 452.494, 130.995, 1.0, 45.9106];
yield(84,:)=[58.5576, 434.593, 288.989, 452.494, 106.453, 1.0, 28.4129];
yield(85,:)=[58.5576, 456.321, 300.632, 452.559, 106.453, 1.0, 34.4294];
yield(86,:)=[58.5576, 436.588, 290.908, 452.494, 106.453, 1.0, 30.9736];
yield(87,:)=[52.1159, 468.21, 297.96, 500.518, 106.453, 1.0, 45.9106];
yield(88,:)=[52.1159, 463.243, 297.96, 452.494, 106.453, 1.0, 41.8148];
yield(89,:)=[52.1159, 468.21, 297.96, 500.518, 106.453, 1.0, 42.6528];
yield(90,:)=[58.5576, 491.568, 297.96, 442.16, 106.453, 1.0, 30.9736];
yield(91,:)=[58.5576, 456.321, 272.07, 442.16, 106.453, 1.0, 34.4294];
yield(92,:)=[52.1159, 468.21, 297.96, 500.518, 89.386, 1.0, 45.9106];
yield(93,:)=[52.1159, 463.243, 297.96, 452.494, 106.453, 1.0, 50.0];
yield(94,:)=[52.1159, 434.378, 269.379, 475.887, 106.453, 1.0, 45.9106];
yield(95,:)=[58.5576, 386.403, 290.908, 462.729, 111.357, 1.0, 30.9736];
yield(96,:)=[58.5576, 456.321, 285.726, 442.16, 101.133, 1.0, 34.4294];
yield(97,:)=[52.1159, 463.243, 317.556, 452.494, 106.453, 1.0, 41.8148];
yield(98,:)=[58.5576, 456.321, 274.743, 452.559, 106.453, 1.0, 34.4294];
yield(99,:)=[52.1159, 487.421, 297.96, 500.518, 106.453, 1.0, 45.9106];
yield(100,:)=[58.5576, 423.765, 290.908, 452.494, 106.453, 1.0, 34.9368];
yield(101,:)=[58.5576, 434.593, 288.83, 452.494, 104.22, 1.0, 36.0156];
yield(102,:)=[52.1159, 463.243, 294.031, 452.494, 106.453, 1.0, 45.9106];
yield(103,:)=[52.1159, 452.767, 322.944, 452.494, 106.453, 1.0, 41.8148];
yield(104,:)=[52.1159, 434.378, 269.379, 475.887, 125.599, 1.0, 45.9106];
yield(105,:)=[58.5576, 386.403, 290.908, 452.494, 107.469, 1.0, 27.4632];
yield(106,:)=[58.5576, 456.321, 285.726, 442.16, 106.453, 1.0, 35.8056];
yield(107,:)=[66.7424, 463.243, 324.015, 452.494, 128.269, 1.0, 30.9736];
yield(108,:)=[58.5576, 456.321, 285.726, 442.16, 103.44, 1.0, 34.4294];
yield(109,:)=[66.7424, 463.243, 297.96, 452.494, 122.824, 1.0, 30.9736];
yield(110,:)=[58.5576, 463.243, 297.96, 443.805, 103.66, 1.0, 34.4294];
